1.DECISION TREE-
  Mean: 4.264387684280492
  StandardDeviation: 0.8051489000971156


2.LINEAR REGRESSION
  Mean: 5.037482786117751
  StandardDeviation: 1.059438240560695

3.RANDOM FOREST REGRESSOR
  Mean: 3.31450004112637
  StandardDeviation: 0.6699703437612968